12 3 1 0 0
11 0 1 0 1
5 1 0 2 0
5 3 0 2 1
7 1 1 2 2
9 1 0 3 0
8 2 0 3 1
9 0 0 3 2
11 2 1 3 3
6 3 0 4 0
3 2 0 4 1
2 0 0 4 2
3 1 0 4 3
4 0 1 4 4
3 3 1 4 5
12 1 0 5 0
6 2 0 5 1
10 2 0 5 2
2 1 0 5 3
5 2 1 5 4
13 3 0 6 0
1 1 0 6 1
10 1 0 6 2
7 3 0 6 3
12 0 0 6 4
13 2 0 6 5
3 0 1 6 6
1 0 1 7 0
6 1 1 7 1
13 1 0 7 2
2 2 0 7 3
12 2 0 7 4
6 0 0 7 5
13 0 0 7 6
8 1 0 7 7
7 2 0 7 8
9 3 0 7 9
8 3 0 7 10
1 3 0 7 11
10 0 0 7 12
7 0 0 7 13
8 0 0 7 14
9 2 0 7 15
4 3 0 7 16
11 1 0 7 17
11 3 0 7 18
5 0 0 7 19
4 2 0 7 20
2 3 0 7 21
4 1 0 7 22
10 3 0 7 23
0 0 1 8 0
0 1 1 8 1
1 2 1 8 2
0 3 1 8 3
Score/Move...: 25 5 2 0 0 1
